Nazwa probki\Markery	AMEL	D3S1358	TH01	D21S11	D18S51	D10S1248	D1S1656	D2S1338	D16S539	D22S1045	vWA	D8S1179	FGA	D2S441	D12S391	D19S433	SE33
37-10.1-18	X, Y	10	6, 7	28, 29	12, 13	11	8	17, 18	11, 12	10, 11	11	10, 11	19, 20		13		4.2
37-11.2-18	X, Y	10	6	28, 29	12, 14		9, 11	17, 18	9, 11	10, 11	10	10, 11	19, 20		13	5.2	10
37-12.1-18	X, Y	10		27, 28	11		8	17, 18	9, 11	10, 11	10	10, 11	19, 21		13	5.2	
37-14.2-18	X, Y	10	6	27, 28	12, 15		8	17, 18	11, 12	10, 11	10	10, 11	19, 21		13		
37-3.1-18	X, Y	14, 15	6, 8	29, 31	13, 15	12	12, 13	17, 19	11, 12	11, 14	13, 15	10, 11	19, 20		14		
37-3.3-18	X, Y	10	8, 9	29, 30	12, 16		8	17, 18	11, 12	11, 14	11	10, 11	19, 22			5.2, 8.2	
37-4.1-18	X, Y	14, 15	9.3	28, 29		14, 15	15, 15.3	20		14, 15	15, 16	10, 11	24		16, 17	8	15
37-7.1-18	X, Y	14, 16	9, 9.3	29, 31.2	14, 16	13	15.3, 16	17, 20	12	14, 15	15, 16	10, 11	19, 21	9, 10		12, 14	11.2
37-7.3-18	X, Y	10, 15	8, 9.3	28, 29	15, 16		12, 13	17, 18	12, 13	11, 14	13, 14	10, 11	18, 19				7
37-7.3-18	X, Y	15, 16	8, 9.3	29, 30.2	14, 15	12	12, 15.3	17, 19	12, 13	11, 14	14, 15	10, 11	19, 26		13	6.2	
37-7.4-18	X, Y	10	3	29, 30	12, 14		8	17, 18	9, 11	10, 11			19, 21		13		
37-7.5-18	X, Y	10	6, 7	29, 30	12, 14	13	8	17, 18	11, 12	11, 12	11	10, 11	19, 20			9.2	6.3
37-8.11-18	X	17													14, 17.1	9.2	5
37-8.12-18	X									15	15, 16					6.2	
37-8.18-18																11.1	
37-8.25.1-18	X, Y		6, 8	29, 30	12, 14		8	17, 18	9, 11	9, 10	11	10, 11	19, 20		13		
37-8.25.5-18	X, Y	15, 16	6, 8	29, 31.2	16, 19	14, 15	16	17, 19	11, 12	11, 14	14, 15	10, 11	19, 24	10, 11	15		
37-NCPCR-18														8		9.2	
37-PCPCR18	X, Y	17, 18	6, 9.3	29, 31.2	16, 18	13, 14			9, 13	15, 16	16	14, 15	20, 23		13	8.2, 9	6.3
Drabina-Fast-160418	24, 24.2	7, 8	8, 9	9, 10	10, 12	4, 5	7, 8	10, 11	7, 8	14, 15	8, 9	14, 15	5.2, 6.2	4.2, 6.3	3, 4	X, Y	9, 10
37-10.2-18				X, Y	10	6, 7	29, 30	13, 14		8	17, 18	11, 12	10, 11	11	10, 11	19, 20	
37-11.1-18	X, Y		3, 6	29, 30	14, 15			17, 18	8, 11		11	10, 11	13, 19				4.2
37-12.2-18	X, Y		6, 7	28, 29	13, 15	12	8	17, 18	9, 11		11	10, 11	18, 19				6.3
37-13.1-18	X		6	29, 30	13, 15		8	17, 18	11, 12		11	10, 11	19, 21				
37-13.2-18	X	8	3	27, 28	13		11	16, 17	11, 12		10	9, 10	18, 19				7
37-14.1-18	11	10, 11	19, 21		13		5	X, Y		3, 6	29, 30	14, 16		8	17, 18	11, 12	
37-8.21.6-18	X, Y	16, 17	9.3	29, 31.2		13, 14	16	17		14, 15	15, 16	10, 11	19, 24	8			
37-3.2-18	X, Y	10	6	29, 30	16, 19		8	17	12, 13	11, 14		10, 11	19, 24		13		
37-3.4-18	15, 16	14	13, 15.3	17, 18	11, 12	10, 11	13, 15	10, 11	19, 22	8	13	6.2		X, Y	15, 16	6, 9.3	29, 30
37-3.5-18	X, Y	10, 15	9.3	28, 29	15, 16	13	15.3	17, 18	11, 12	10, 11	11	10, 11	19, 22		13	5.2	
37-6.1-18			8	X, Y	16				14, 15	15.3			11, 15	13, 18	10, 12		
37-6.2-18	X, Y	10	8, 9.3	29, 30	14, 16		8	17	12, 13	11, 13	11	10, 11	19, 21				
37-8.1-18	X, Y	14, 15	6, 7	28, 29	12, 14	12, 13	13, 15.3	17, 18	9, 11	11, 13	13, 14	10, 11	19, 20			10	
37-8.10-18	X, Y	16, 17	9.3			14, 15	16			15, 16	15, 16	11		10		5.2	4.2
37-8.13-18															15		6.3, 13
37-8.15-18					11			18		4.2			9.3				
37-8.22.1-18	X, Y	16, 17	9.3	29	19	14	15.3	17, 20		15, 16	15, 16		19, 20		18		
37-8.24-18	X, Y	10	6, 9	28, 29	12, 14	13		17, 18	9, 11	11, 14	11	10, 11	19, 21		15		
37-8.25.2-18	X, Y	14	7, 9.3	29, 30.2	16, 19		11, 13	17, 20	12, 13	11, 13	13, 15	10, 11	19, 23			7	
37-8.6-18	X, Y	15, 16	9.3	29	19	14, 15	15.3, 16	17, 20	12, 13	15, 16	15, 16	10, 11	24		14		5
37-9.1-18	13, 15	10, 11	19, 20		14, 15	5.2		X, Y	10, 14	6, 9.3	29, 30	16, 19		15.3, 16	17, 19	11, 12	11, 14
37-9.2-18	X, Y	10	6	29, 30	15, 16	13, 14		17, 18	12, 13	10, 11	11	10, 11	19, 22		13		6
37-NCPCR-18																5.2	
37-PCPCR-18	X, Y	18	6	29, 31.2	16, 18	13, 15		22, 25	9, 13	15, 16	12	12, 14	20, 23		13		
drFast1704	X, Y	9, 10	3, 4	24, 24.2	7, 8	8, 9	9, 10	10, 12	4, 5	7, 8	10, 11	7, 8	14, 15	8, 9	14, 15	5.2, 6.2	4.2, 6.3
37-8.21.1-18	X, Y	14, 16	9.3	29		14, 15	16	17, 20	12, 13	14, 15	15, 16	10, 11	19, 24	10	14		6, 6.3
37-8.21.2-18	X, Y	16, 17	9.3			14				15, 16	15	10		9			6.3
37-8.21.8-18	X, Y	16				14, 15		20		15, 16	16	10		10			
37-7.2-18-3x	11	10, 11	19, 22					X, Y	10	6, 9	29, 30	15, 16			17, 20	11, 12	11, 14
37-8.14-18																	4.2
37-8.16-18	X, Y	16	9.3			14, 15				14, 15	15, 16		19		13		
37-8.17-18	9.3	32		15	11, 16	17		11, 14	15, 16	10, 11					11	X	16, 17
37-8.19-18																	
37-8.2-18	X, Y		9.3			14, 15	16			15, 16	15, 16	10, 12			18	8.2	4.2
37-8.20-18	X, Y	15, 16		31.2		14				11, 15					15		
37-8.21.3-18	X, Y	15, 16	9.3			14, 15	15.3, 16			14, 15	15, 16	11				6.2, 7	
37-8.21.4-18	15.3, 16			15, 16	15, 16	11				6.2		X, Y	16, 17	9.3	31.2		14, 15
37-8.21.5-18	X, Y	16, 17		31.2		14, 15	16			14, 15	15, 16				15	8.2	7
37-8.21.7-18	4.2, 5	X, Y	16	9.3	29, 31.2		13, 14	16			15, 16	15, 16	10, 11		8		
37-8.22-3-18	X, Y	15, 16	6, 9.3	29	16	13, 14	13, 15.3	17, 20	12, 13	11, 14	13, 15	10, 11	19	8	15		
37-8.22.2-18	X, Y	15, 16	6, 9	29, 30	14, 15	13, 14	13, 15.3	17, 19	11, 12	11, 14	14, 15	10, 11	19, 22	8	16, 18	6.2	
37-8.23-18	11, 14	13, 15	10, 11	19, 22		15, 16			X, Y	14, 15	6, 9	29, 30	12, 14	13, 14	11	17, 18	11, 12
37-8.25.6-18	X, Y	14, 15	6, 7	29, 30	15, 16	12, 13	11, 12	17, 19	11, 12	11, 13	13, 14	10, 11	19, 20		16	9	
37-8.3-18	X							19							13		7
37-8.4-18	Y		9.3														4.2
37-8.7-18				13	6.2		X, Y	16	9.3			13, 14		17	12	15, 16	15, 16
37-8.8-18			9.3	31						15	15	11	19		13		9
37-8.9-18		14, 15	15.3, 16	17, 20	12, 13	7, 14	15, 16	10, 11	19		15	5.2		X, Y	15, 16	9.3	29, 31
37-NCIZOL-18														9		5.2	5
37-NCPCR-18		15	11.1														
37-PCPCR-18	X, Y	10, 17	6	29, 31.2	16, 18	13, 15		22, 25	9, 13	15	16	12, 14	20, 23		14	5.2	
drFast1704	X, Y	9, 10	3, 4	24, 24.2	7, 8	8, 9	9, 10	10, 12	4, 5	7, 8	10, 11	7, 8	14, 15	8, 9	14, 15	5.2, 6.2	4.2, 6.3
37-12.1-18	X, Y	14, 15	6, 9	28, 29	12, 14	11	11, 13	17, 18	9, 11	10, 11	14, 15	10, 11	19, 21		13		
37-13.2-18	16, 17	11, 12	10	11	9, 10	18, 19		13			X, Y		6	27, 28	12		12
37-6.3-18	X		6	29, 30	16, 19		8	17, 18	12, 13	14	11	10, 11	19, 22		13		
37-7.4-18	X, Y	14, 15	6, 8	29, 30	12, 15	12, 13	11, 13	17, 19	11, 12	10, 11	14, 15	10, 11	19, 21		13, 14		
37-8.25.1-18-E	13, 15	10, 11	19, 20					X, Y	10	6, 9	29, 30	12, 16		13	17, 18	9, 11	11, 13
37-8.25.3-18	X, Y	10	6, 9	29, 30	12, 13	11	8	17, 18	9, 11	11, 14		10, 11	19, 20	8	15	5.2	
37-8.25.7-18	X, Y	14, 15	9.3	29, 31.2	16, 19	14, 15	8	17, 20	12, 13	11, 14	15, 16	10, 11	19, 21	8			
37-8.5-18	16, 19	14	15.3, 16	17, 20	10, 12	14, 15	15, 16	10, 11	19, 24		15			X, Y	15, 16	9.3	29, 31.2
37-NCIZOL-18														10			
37-PCPCR-18	X, Y	17, 18	6, 9.3	29, 31.2	16, 18	13, 15	12, 13	22, 25	9, 13	15, 16	16, 19	14, 15	20, 23		13	5.2, 8	5
DrabinaPP17Fast-19042018	X, Y	9, 10	3, 4	24, 24.2	7, 8	8, 9	9, 10	10, 12	4, 5	7, 8	10, 11	7, 8	14, 15	8, 9	14, 15	5.2, 6.2	4.2, 6.3
