Nazwa probki\Markery	AMEL	D3S1358	TH01	D21S11	D18S51	D10S1248	D1S1656	D2S1338	D16S539	D22S1045	vWA	D8S1179	FGA	D2S441	D12S391	D19S433	SE33
30-12.1-18-P17Fast	X, Y	14, 16	6, 8, 9	28, 29	14, 16	13, 14, 15	15, 17, 18.3	18, 24, 25	9, 11	15, 16, 17	17, 18, 19	12	22	10, 11, 13, 14	18, 20	13	19.2
30-12.2-18-P17Fast		16	6, 9	31		14, 16	12, 18.3	20					19, 20	10, 11	18	13	
30-13.1-18-P17Fast	X, Y	13, 14, 16, 17	6	28, 31.2	14, 19	13, 14, 15	14	16		14, 15, 16	18		22	11, 13, 14, 15	18, 22	13	
30-13.2-18-P17Fast																	
30-14.1-18-P17Fast	X, Y	12, 14, 15, 16, 17	6, 8, 9, 9.3	28, 29	14, 16	13, 14, 15	15, 18.3	16, 23, 25	9, 11, 12	15, 16, 17	13, 17, 18	12, 13	22, 24	10, 11, 15	18, 20, 21	13, 15	19.2, 28.2
30-14.2-18-P17Fast	X, Y	17	11	29, 32.2, 38.2	21	13, 14	11, 17	19, 23	9	13, 14, 15, 16	18		18, 26	14, 15	16, 19, 22	13, 14	17
30-15.1-18-P17Fast	X, Y	16, 17, 18		28, 31		14	9, 17, 19.3	20	12	15, 16, 17	14, 18, 19, 20	13, 14	20, 21	9, 14	17, 18, 21, 23	14, 15	
30-15.2-18-P17Fast	X, Y	15, 16, 17, 18	6, 7	30, 31, 32.2, 33.2	13, 14, 16, 18	13, 14, 15, 16	11, 12, 13, 15, 17, 18.3, 19.3	19, 20, 24	11, 12, 13	9, 10, 13, 14, 15, 16, 17	14, 17, 18	13, 14	21, 23, 26	10, 11, 13, 14	16, 18, 21, 23	12, 13, 14, 15, 15.2, 16.2	30.2
30-16.1-18-P17Fast	Y					14									18		
30-16.2-18-P17Fast										16							
30-17.1-18-P17Fast						14	16.3			15				13			14, 14.2
30-17.2-18-P17Fast		15		28		14				15, 16				13, 14			14
30-18.1-18-P17Fast	X, Y	19		28	19		11			11		15	25	10	18		
30-18.2-18-P17Fast												14		13			
30-19.1-18-P17Fast	X, Y	16, 17, 18	7, 9.3	28, 29, 31, 32.2, 33.2	10, 16, 18, 19	13, 14, 15, 16	13, 17	19, 20, 21, 24		14, 15, 16, 17	14, 17, 19	13	18, 19, 20, 22, 23, 25	11, 13, 14	18, 20, 21	15, 15.2	12, 14, 24.2
30-19.2-18-P17Fast	X, Y	15, 17, 18	7, 9, 9.3	28, 30, 31, 34.2	13, 17, 18, 19	13, 14, 15	13, 14, 17, 19.3	18, 19	12, 13, 14	13, 14, 15, 16, 17	13, 14, 15, 16, 17, 19	11, 12, 13, 14	19, 20, 21, 25	11, 13, 14	18, 21, 22	12, 14, 15, 15.2	12, 14
30-20.1-18-P17Fast	X, Y	14, 15, 16, 17, 18	7, 9, 9.3	31, 31.2, 32.2, 33.2	18, 19	13, 14, 15	13, 15, 17	16, 19, 20, 24, 25, 26	12	14, 15, 16, 17, 20	14, 16, 17, 18, 19	13, 14, 15, 16	20, 22, 25	10, 14, 15, 16	18, 20, 21, 23, 25	12, 13.2, 14, 15	12, 18, 24.2, 28.2
30-20.2-18-P17Fast	X, Y	15, 17, 18	9	28, 29	17	14	13, 18.3, 19.3	16, 18, 23		14, 15	14, 17, 18, 19	11	23, 24	10, 11	20	12, 13	28.2
30-21.1-18-P17Fast	X, Y	15, 17, 18	6, 7, 9, 9.3	28, 29, 31, 32.2	14, 16, 18	13, 14, 15	11, 17, 17.3, 18.3, 19.3	17, 19, 20, 25	9, 11, 12	11, 14, 15, 16, 17	14, 16, 17, 19	13, 14, 16	19, 22, 23, 24, 25	10, 11, 13, 14, 15	17, 18, 19, 21, 22, 25	15.2	14, 15, 25.2, 28.2
30-21.2-18-P17Fast	X, Y			31	12		13, 14, 17	18, 24, 25	12	15, 16	14	11, 12	20	10, 13	21	15.2	
30-22.1-18-P17Fast	X, Y	9, 12, 14, 15, 16, 16.2, 17, 18	5, 6, 7, 8.3, 9.1, 9.3	28, 30, 31, 31.2, 32.2, 33.2, 34.2	18, 19	13, 14	13, 15, 17, 18.3, 19.3	16, 19, 22, 23, 26	12	13, 14, 15, 16, 19, 20	14, 15, 16, 17, 18, 19	10, 13, 14, 15	20, 21, 22, 25	10, 11, 12.3, 13, 14, 14.3, 15, 16	18, 20, 21, 22, 23	12, 14, 15	14, 18, 23.2, 24.2
30-22.2-18-P17Fast	X, Y	14, 16	8, 9.3	28		15	15	17, 18, 23	12	14, 15, 16	17, 18	12, 13, 14		9, 14	20, 21		19.2
drfast120418	X, Y	9, 10, 11, 12, 13, 14, 15, 16, 17, 18, 19, 20	3, 4, 5, 6, 7, 8, 9, 9.3, 10, 11, 13.3	24, 24.2, 25, 25.2, 26, 27, 28, 28.2, 29, 29.2, 30, 30.2, 31, 31.2, 32, 32.2	7, 8, 9, 10, 10.2, 11, 12, 13, 13.2, 14, 15, 16, 17, 18, 19, 20	8, 9, 10, 11, 12, 13, 14, 15, 16, 17, 18, 19	9, 10, 11, 12, 13, 14, 14.3, 15, 15.3, 16, 16.3, 17, 17.3, 18, 18.3, 19	10, 12, 14, 15, 16, 17, 18, 19, 20, 21, 22, 23, 24, 25, 26, 27	4, 5, 6, 7, 8, 9, 10, 11, 12, 13, 14, 15, 16	7, 8, 9, 10, 11, 12, 13, 14, 15, 16, 17, 18, 19, 20	10, 11, 12, 13, 14, 15, 16, 17, 18, 19, 20, 21, 22, 23, 24	7, 8, 9, 10, 11, 12, 13, 14, 15, 16, 17, 18, 19	14, 15, 16, 17, 18, 18.2, 19, 19.2, 20, 20.2, 21, 21.2, 22, 22.2, 23, 23.2	8, 9, 10, 11, 11.3, 12, 13, 14, 15, 16, 17	14, 15, 16, 17, 17.3, 18, 18.3, 19, 20, 21, 22, 23, 24, 25, 26, 27	5.2, 6.2, 8, 9, 10, 11, 12, 12.2, 13, 13.2, 14, 14.2, 15, 15.2, 16, 16.2	4.2, 6.3, 8, 9, 10, 11, 12, 13, 14, 15, 16, 17, 18, 19, 20, 20.2
K(-)-pcrP17Fast																	
